[[ 1.       0.       0.62121 ..., -0.02273  0.17045 -0.41667]
 [ 1.       0.       0.9287  ..., -0.78057  0.59407 -0.6027 ]
 [ 1.       0.       0.84177 ...,  0.62447 -0.00422  0.69409]
 ..., 
 [ 1.       0.       1.      ..., -0.09091  0.86364  0.04545]
 [ 1.       0.       1.      ..., -1.       1.      -1.     ]
 [ 1.       0.       0.      ...,  0.       0.       0.     ]] [ 0.  1.  1.  1.  0.  0.  1.  1.  0.  0.  0.  1.  0.  1.  0.  1.  1.  1.
  0.  1.  0.  0.  0.  1.  1.  0.  0.  1.  1.  0.  1.  1.  1.  0.  1.  1.
  0.  0.  1.  1.  0.  1.  1.  0.  1.  0.  1.  1.  1.  0.  0.  1.  1.  1.
  0.  0.  0.  0.  1.  0.  0.  1.  0.  0.  1.  0.  0.  1.  0.  1.  1.  0.
  1.  1.  0.  1.  0.  1.  0.  0.  1.  0.  1.  1.  0.  1.  0.  1.  1.  1.
  0.  0.  1.  1.  0.  1.  0.  1.  1.  1.  1.  1.  1.  1.  0.  0.  0.  0.
  0.  1.  1.  1.  1.  0.  1.  1.  0.  0.  0.  1.  1.  0.  1.  1.  0.  1.
  1.  1.  1.  1.  1.  1.  1.  1.  0.  1.  1.  0.  0.  1.  0.  1.  1.  1.
  1.  0.  1.  1.  1.  1.  1.  1.  1.  1.  1.  1.  0.  1.  1.  0.  0.  0.
  0.  0.  1.  1.  1.  1.  1.  1.  1.  1.  1.  1.  1.  1.  1.  1.  1.  1.
  0.  1.  1.  1.  1.  0.  1.  0.  1.  1.  1.  1.  1.  1.  0.  1.  1.  1.
  0.  0.]
[ 0.0751646   0.          0.05431712 -0.09653949  0.          0.          0.
  0.          0.03380956  0.03687657  0.04169924  0.05080845 -0.00727174
  0.06961769  0.03525135  0.04537049 -0.05246479  0.04490293  0.01203441
 -0.01961581  0.0019289  -0.07138934 -0.05845948  0.02366678  0.02946271
 -0.03683968  0.02426816 -0.07097018  0.04411887  0.03251261  0.01933875
 -0.00306814  0.01927066 -0.05921982]
[-1.  0.  0.  0. -1. -1.  0.  0. -1. -1. -1.  0. -1.  0. -1.  0.  0.  0.
 -1.  0. -1. -1. -1.  0.  0. -1. -1.  0.  0. -1.  0.  0.  0. -1.  0.  0.
 -1. -1.  0.  0. -1.  0.  0. -1.  0. -1.  0.  0.  0. -1. -1.  0.  0.  0.
 -1. -1. -1. -1.  0. -1. -1.  0. -1. -1.  0. -1. -1.  0. -1.  0.  0. -1.
  0.  0. -1.  0. -1.  0. -1. -1.  0. -1.  0.  0. -1.  0. -1.  0.  0.  0.
 -1. -1.  0.  0. -1.  0. -1.  0.  0.  0.  0.  0.  0.  0. -1. -1. -1. -1.
 -1.  0.  0.  0.  0. -1.  0.  0. -1. -1. -1.  0.  0. -1.  0.  0. -1.  0.
  0.  0.  0.  0.  0.  0.  0.  0. -1.  0.  0. -1. -1.  0. -1.  0.  0.  0.
  0. -1.  0.  0.  0.  0.  0.  0.  0.  0.  0.  0. -1.  0.  0. -1. -1. -1.
 -1. -1.  0.  0.  0.  0.  0.  0.  0.  0.  0.  0.  0.  0.  0.  0.  0.  0.
 -1.  0.  0.  0.  0. -1.  0. -1.  0.  0.  0.  0.  0.  0. -1.  0.  0.  0.
 -1. -1.]
0.37
[-1.  0.  0.  0. -1. -1.  0.  0. -1. -1. -1.  0. -1.  0. -1.  0.  0.  0.
 -1.  0. -1. -1. -1.  0.  0. -1. -1.  0.  0. -1.  0.  0.  0. -1.  0.  0.
 -1. -1.  0.  0. -1.  0.  0. -1.  0. -1.  0.  0.  0. -1. -1.  0.  0.  0.
 -1. -1. -1. -1.  0. -1. -1.  0. -1. -1.  0. -1. -1.  0. -1.  0.  0. -1.
  0.  0. -1.  0. -1.  0. -1. -1.  0. -1.  0.  0. -1.  0. -1.  0.  0.  0.
 -1. -1.  0.  0. -1.  0. -1.  0.  0.  0.  0.  0.  0.  0. -1. -1. -1. -1.
 -1.  0.  0.  0.  0. -1.  0.  0. -1. -1. -1.  0.  0. -1.  0.  0. -1.  0.
  0.  0.  0.  0.  0.  0.  0.  0. -1.  0.  0. -1. -1.  0. -1.  0.  0.  0.
  0. -1.  0.  0.  0.  0.  0.  0.  0.  0.  0.  0. -1.  0.  0. -1. -1. -1.
 -1. -1.  0.  0.  0.  0.  0.  0.  0.  0.  0.  0.  0.  0.  0.  0.  0.  0.
 -1.  0.  0.  0.  0. -1.  0. -1.  0.  0.  0.  0.  0.  0. -1.  0.  0.  0.
 -1. -1.]
0.37
[-1.  0.  0.  0. -1. -1.  0.  0. -1. -1. -1.  0. -1.  0. -1.  0.  0.  0.
 -1.  0. -1. -1. -1.  0.  0. -1. -1.  0.  0. -1.  0.  0.  0. -1.  0.  0.
 -1. -1.  0.  0. -1.  0.  0. -1.  0. -1.  0.  0.  0. -1. -1.  0.  0.  0.
 -1. -1. -1. -1.  0. -1. -1.  0. -1. -1.  0. -1. -1.  0. -1.  0.  0. -1.
  0.  0. -1.  0. -1.  0. -1. -1.  0. -1.  0.  0. -1.  0. -1.  0.  0.  0.
 -1. -1.  0.  0. -1.  0. -1.  0.  0.  0.  0.  0.  0.  0. -1. -1. -1. -1.
 -1.  0.  0.  0.  0. -1.  0.  0. -1. -1. -1.  0.  0. -1.  0.  0. -1.  0.
  0.  0.  0.  0.  0.  0.  0.  0. -1.  0.  0. -1. -1.  0. -1.  0.  0.  0.
  0. -1.  0.  0.  0.  0.  0.  0.  0.  0.  0.  0. -1.  0.  0. -1. -1. -1.
 -1. -1.  0.  0.  0.  0.  0.  0.  0.  0.  0.  0.  0.  0.  0.  0.  0.  0.
 -1.  0.  0.  0.  0. -1.  0. -1.  0.  0.  0.  0.  0.  0. -1.  0.  0.  0.
 -1. -1.]
0.37
[-1.  0.  0.  0. -1. -1.  0.  0. -1. -1. -1.  0. -1.  0. -1.  0.  0.  0.
 -1.  0. -1. -1. -1.  0.  0. -1. -1.  0.  0. -1.  0.  0.  0. -1.  0.  0.
 -1. -1.  0.  0. -1.  0.  0. -1.  0. -1.  0.  0.  0. -1. -1.  0.  0.  0.
 -1. -1. -1. -1.  0. -1. -1.  0. -1. -1.  0. -1. -1.  0. -1.  0.  0. -1.
  0.  0. -1.  0. -1.  0. -1. -1.  0. -1.  0.  0. -1.  0. -1.  0.  0.  0.
 -1. -1.  0.  0. -1.  0. -1.  0.  0.  0.  0.  0.  0.  0. -1. -1. -1. -1.
 -1.  0.  0.  0.  0. -1.  0.  0. -1. -1. -1.  0.  0. -1.  0.  0. -1.  0.
  0.  0.  0.  0.  0.  0.  0.  0. -1.  0.  0. -1. -1.  0. -1.  0.  0.  0.
  0. -1.  0.  0.  0.  0.  0.  0.  0.  0.  0.  0. -1.  0.  0. -1. -1. -1.
 -1. -1.  0.  0.  0.  0.  0.  0.  0.  0.  0.  0.  0.  0.  0.  0.  0.  0.
 -1.  0.  0.  0.  0. -1.  0. -1.  0.  0.  0.  0.  0.  0. -1.  0.  0.  0.
 -1. -1.]
0.37
[-1.  0.  0.  0. -1. -1.  0.  0. -1. -1. -1.  0. -1.  0. -1.  0.  0.  0.
 -1.  0. -1. -1. -1.  0.  0. -1. -1.  0.  0. -1.  0.  0.  0. -1.  0.  0.
 -1. -1.  0.  0. -1.  0.  0. -1.  0. -1.  0.  0.  0. -1. -1.  0.  0.  0.
 -1. -1. -1. -1.  0. -1. -1.  0. -1. -1.  0. -1. -1.  0. -1.  0.  0. -1.
  0.  0. -1.  0. -1.  0. -1. -1.  0. -1.  0.  0. -1.  0. -1.  0.  0.  0.
 -1. -1.  0.  0. -1.  0. -1.  0.  0.  0.  0.  0.  0.  0. -1. -1. -1. -1.
 -1.  0.  0.  0.  0. -1.  0.  0. -1. -1. -1.  0.  0. -1.  0.  0. -1.  0.
  0.  0.  0.  0.  0.  0.  0.  0. -1.  0.  0. -1. -1.  0. -1.  0.  0.  0.
  0. -1.  0.  0.  0.  0.  0.  0.  0.  0.  0.  0. -1.  0.  0. -1. -1. -1.
 -1. -1.  0.  0.  0.  0.  0.  0.  0.  0.  0.  0.  0.  0.  0.  0.  0.  0.
 -1.  0.  0.  0.  0. -1.  0. -1.  0.  0.  0.  0.  0.  0. -1.  0.  0.  0.
 -1. -1.]
0.37
5
